0.07518007518007518 8.100305932428837 0.07500000000000001
0.3747693747693748 8.781147853744573 0.375
0.766009766009766 9.693850855538251 0.775
1.1173561173561173 10.591726890737501 1.1750000000000003
1.4089614089614089 11.37759908017261 1.5750000000000002
1.6283086283086283 11.998422287688992 1.975
1.7853197853197853 12.503299132143406 2.3750000000000004
1.8997758997758998 12.860292329508669 2.7750000000000004
1.9774319774319775 13.191327632330854 3.1750000000000003
2.035783035783036 13.422396613388178 3.575
